incidencna_stopnja <-
structure(list(Regija = c("Pomurska regija", "Podravska regija", 
"Koroska regija", "Savinjska regija", "Zasavska regija", "Spodnjeposavska regija", 
"JV Slovenija", "Osrednjeslovenska regija", "Gorenjska regija", 
"Notranjsko kraska regija", "Goriska regija", "Obalno kraska regija"
), `1961` = c(190.9, 182.1, 145.5, 167, 183.2, 183.1, 172, 188, 
178.4, 192.2, 240.5, 168.6), `1962` = c(207.9, 203.9, 147, 167.9, 
189.8, 188.8, 164.5, 207.8, 173.9, 196.4, 213.9, 148.9), `1963` = c(223.3, 
193, 178.8, 171.1, 225.1, 196, 179.5, 184.8, 193.8, 210.8, 225.4, 
192), `1964` = c(242.6, 190, 183.4, 186.5, 189.8, 178.8, 165.4, 
201.4, 186.8, 190.2, 231.6, 208), `1965` = c(217.9, 199.9, 144, 
185.1, 203, 217.4, 189.5, 216.1, 188.7, 196.4, 205, 210.4), `1966` = c(229.5, 
220.7, 180.4, 203.2, 222.9, 190.3, 188.6, 232.2, 210.5, 219.1, 
260, 238.7), `1967` = c(205.5, 202.9, 209.2, 226.8, 209.6, 223.2, 
184.5, 232.4, 227.2, 241.9, 287.5, 231.4), `1968` = c(207.1, 
226.3, 148.5, 205, 214.1, 226, 188.6, 237.2, 228.5, 227.4, 222.7, 
225.2), `1969` = c(241.9, 205.5, 192.5, 191.5, 214.1, 211.7, 
215.2, 245.5, 198.3, 289.4, 258.2, 215.4), `1970` = c(224.9, 
218.4, 198.6, 208.7, 244.9, 223.2, 211.9, 248, 252.2, 289.4, 
237.8, 216.6), `1971` = c(244.2, 223.6, 169.8, 214.1, 282.5, 
248.9, 211.9, 251.7, 239.4, 260.5, 315.9, 216.6), `1972` = c(247.3, 
224.3, 265.2, 227.2, 231.7, 248.9, 206.9, 270.2, 256.1, 260.5, 
301.7, 237.5), `1973` = c(255.8, 253.9, 197, 238.5, 269.2, 268.9, 
223.5, 269.9, 230.4, 347.3, 282.2, 241.2), `1974` = c(245.7, 
257.2, 218.3, 225.9, 291.3, 247.5, 226.8, 266.4, 258, 233.6, 
312.3, 300.3), `1975` = c(309.1, 284.9, 225.8, 244.4, 284.7, 
286.1, 238.5, 281.2, 256.7, 248.1, 309.7, 275.7), `1976` = c(279.1, 
262.9, 243, 202.2, 259.2, 283, 256.7, 245.3, 256.6, 336.8, 267.9, 
247), `1977` = c(270.6, 263.3, 205.9, 235.4, 287.2, 277.5, 244.3, 
249.4, 244.4, 256.1, 307.6, 222.3), `1978` = c(263.7, 265.1, 
210.2, 245.7, 265.6, 263.7, 236.5, 262.6, 244.4, 306.5, 296.7, 
280.3), `1979` = c(304.3, 257.6, 260.2, 235.8, 295.9, 260.9, 
245, 268.3, 265.6, 276.3, 289, 218), `1980` = c(267.6, 268.6, 
195.9, 246.1, 302.3, 281.6, 262.2, 296.7, 285.6, 276.3, 300, 
298.5), `1981` = c(302, 270.4, 250.2, 253, 282.9, 269.2, 259.8, 
301.7, 292.3, 280.3, 321.2, 311.4), `1982` = c(249.9, 263.3, 
231.6, 241.1, 321.8, 306.5, 262.9, 283.3, 256.1, 298.5, 375.3, 
311.4), `1983` = c(289, 265.8, 234.5, 241.6, 317.5, 273.4, 268.4, 
305.3, 272.8, 276.3, 317.8, 317.8), `1984` = c(303.6, 283.9, 
265.9, 262.9, 339.1, 303.7, 276.9, 293.5, 278.9, 288.4, 349.9, 
316.8), `1985` = c(302, 313.5, 258.8, 252.2, 321.8, 254, 266, 
310.1, 270.6, 260.1, 350.7, 315.7), `1986` = c(331.3, 311.1, 
258.1, 257.8, 323.7, 297.2, 306, 290.2, 301.4, 314, 322.1, 311.3
), `1987` = c(322.1, 315.5, 270.6, 276.3, 334.9, 317.5, 297.1, 
280, 271.4, 333.5, 305.8, 331.2), `1988` = c(336, 322, 287.1, 
259.8, 331.1, 268.3, 292.3, 302.6, 274, 291.1, 344.2, 286.3), 
    `1989` = c(340.3, 299.8, 275.8, 309, 345.1, 301.9, 315.4, 
    320.7, 316, 353.1, 341.5, 321), `1990` = c(354.2, 308.9, 
    315.9, 307.5, 378.7, 353.9, 302.4, 337.6, 305.9, 344.8, 341.7, 
    336.1), `1991` = c(359.6, 332.9, 289.6, 306, 397.4, 325.7, 
    320.5, 345.5, 320.9, 326.1, 383.3, 339.2), `1992` = c(382.2, 
    366.3, 299.5, 330.3, 361.6, 366.5, 372.1, 346.6, 353.1, 390.3, 
    379.2, 398), `1993` = c(389.9, 361.8, 301.3, 358, 367.8, 
    342.2, 366.4, 399.2, 353.3, 376.7, 389.9, 396.9), `1994` = c(414.2, 
    339.4, 328.2, 341.7, 444.5, 346.9, 393, 398.7, 343.1, 392.4, 
    423.6, 444.1), `1995` = c(411.4, 351.1, 337.2, 392.9, 381.7, 
    403, 355.4, 418, 380.3, 372.2, 434.1, 406.7), `1996` = c(432, 
    381.7, 348, 359.7, 434.6, 351.2, 357.3, 405, 402.8, 360.1, 
    439.9, 423.2), `1997` = c(435.9, 419.7, 421.8, 404.2, 460.6, 
    412.3, 426.8, 454, 425.9, 430.3, 454.2, 466.4), `1998` = c(460.8, 
    421.9, 415.1, 410.3, 486.8, 410.5, 374.3, 500.6, 447.4, 466.5, 
    465.1, 456.3), `1999` = c(451.1, 429.6, 404, 428.2, 558.5, 
    447.8, 417.5, 502.3, 449, 412.1, 480, 430.8), `2000` = c(450.5, 
    462.4, 359.1, 432.4, 597.4, 391.4, 437.7, 500.2, 433.6, 413.7, 
    504.4, 460), `2001` = c(502.1, 467.4, 449.9, 455.6, 528.1, 
    476.6, 464.5, 525.2, 495.2, 439.7, 489.9, 480.4), `2002` = c(529.2, 
    448.9, 441.9, 444.7, 535.7, 470.7, 452.9, 543, 547.9, 491.9, 
    500.5, 598.3), `2003` = c(518.1, 462.6, 479.3, 458.8, 492.5, 
    479.8, 513.5, 586.7, 564.9, 536.8, 500.2, 598.7), `2004` = c(555, 
    479, 487.7, 509.1, 606.7, 503.4, 533.8, 618.4, 586.6, 536, 
    554.7, 613.4), `2005` = c(547.8, 520.2, 523.6, 499.8, 563, 
    489.1, 528.7, 626.2, 573.7, 557.4, 527.9, 629.6), `2006` = c(590.8, 
    516.4, 546.6, 506, 604.7, 506.8, 528.2, 634.1, 618.7, 539.1, 
    575.1, 603.8), `2007` = c(633.8, 532.6, 591.1, 512.8, 636.6, 
    542.1, 602.7, 652.3, 637.6, 578.8, 614.4, 586.6), `2008` = c(631.5, 
    547.9, 671.4, 531, 644.2, 579, 608.8, 683.8, 663.8, 617.8, 
    628.2, 627.9), `2009` = c(622.4, 574.1, 696.1, 554, 643.7, 
    615.4, 636.8, 636.3, 648, 636.5, 598, 679.9), `2010` = c(647.7, 
    606.9, 665.6, 599.1, 681.2, 645.6, 691.8, 689, 709.2, 570.3, 
    635.5, 682.7), `2011` = c(712.6, 608.3, 644, 593.2, 668.8, 
    618.2, 656.6, 699.9, 710.8, 572.3, 628.6, 683.4), `2012` = c(718.5, 
    623.8, 687.7, 578, 676.2, 631.2, 681.7, 703.7, 708.7, 600.9, 
    655.9, 661.4), `2013` = c(727.4, 624.3, 695, 599.7, 766, 
    647.8, 688.8, 711.2, 719.9, 654.9, 705.8, 741.8), `2014` = c(788.9, 
    638, 706, 621.3, 789.3, 681.3, 754.8, 687.6, 679.3, 636, 
    725.9, 657.3), `2015` = c(850.3, 674.3, 734.4, 620.6, 731.5, 
    662.4, 694.9, 745.8, 743.4, 647, 785.1, 663.2), `2016` = c(883.3, 
    821.8, 760.5, 636.2, 724.2, 648, 659.6, 746.9, 745.4, 656, 
    797.1, 617.5)), row.names = c(NA, -12L), class = c("tbl_df", 
"tbl", "data.frame"))
