umrljivostna_stopnja <-
structure(list(Regija = c("Pomurska regija", "Podravska regija", 
"Koroska regija", "Savinjska regija", "Zasavska regija", "Spodnjeposavska regija", 
"JV Slovenija", "Osrednjeslovenska regija", "Gorenjska regija", 
"Notranjsko kraska regija", "Goriska regija", "Obalno kraska regija"
), `1985` = c(220, 207, 185.9, 204.6, 241.9, 196, 172.7, 213.7, 
174.6, 179.5, 270.5, 214.8), `1986` = c(187.9, 209.3, 176.1, 
187.3, 218.6, 202.2, 193.2, 176.7, 196.7, 218.6, 250.5, 198.7
), `1987` = c(213.7, 194.9, 165.9, 200.6, 233.8, 221.3, 195.3, 
187.1, 186.5, 218.4, 223.6, 206.3), `1988` = c(210.8, 225.4, 
185.5, 200.8, 261.9, 203.9, 185.2, 173.9, 175.2, 229.7, 249.6, 
194.5), `1989` = c(211.9, 196.7, 161.5, 192.2, 230.1, 192.6, 
189.9, 210.4, 180.5, 192.4, 247.3, 181.2), `1990` = c(208.7, 
193.3, 224.5, 220.6, 221.8, 215.9, 213.2, 195.8, 197.1, 231.8, 
238.3, 166.1), `1991` = c(224.5, 209.4, 207.8, 220.9, 235.5, 
228.5, 210.3, 207.7, 199.8, 270.8, 259.1, 217), `1992` = c(220.9, 
224.3, 181.3, 203.3, 302.4, 252.2, 233.8, 197.3, 235.4, 249.4, 
257, 222.1), `1993` = c(209.1, 224.8, 195, 245.1, 253, 222.2, 
221, 220.3, 227.3, 277.5, 269.1, 221.6), `1994` = c(224.4, 211.7, 
195.1, 230.3, 269.3, 234.5, 217, 216.4, 208, 212.4, 249.3, 248.1
), `1995` = c(260.8, 224, 194.3, 237.1, 277.8, 237.3, 226.9, 
224.6, 221.5, 230.4, 240.2, 241.7), `1996` = c(246.9, 228.9, 
211.8, 230.8, 273.5, 237.4, 206.7, 227, 213.6, 193.9, 259, 226.2
), `1997` = c(228.6, 241.4, 243.3, 243.7, 285.8, 242, 245.5, 
231.9, 229.8, 257.8, 259.1, 248.7), `1998` = c(230.4, 236.1, 
231.2, 249.4, 225.2, 232.8, 223.3, 229.4, 230.1, 253.2, 294.2, 
230.1), `1999` = c(250.3, 254.1, 206.7, 221.9, 287.8, 251.4, 
236, 236, 230.1, 231.8, 284.2, 244.9), `2000` = c(233.2, 257.3, 
221.4, 232.2, 280.4, 241.1, 217.8, 224.9, 226.7, 283.1, 266.3, 
257.5), `2001` = c(253.1, 235, 210.8, 252.3, 322.5, 242.6, 263.1, 
224.7, 228.8, 236.6, 250.4, 264.7), `2002` = c(267.4, 252.4, 
246, 251.7, 290.6, 294, 246, 230.3, 239, 242, 273.2, 254.6), 
    `2003` = c(282.2, 250.4, 257.3, 254.5, 309.5, 255.4, 260.4, 
    241.4, 232.4, 269.4, 267.2, 260.8), `2004` = c(258.8, 249.1, 
    226.2, 243.1, 311, 261.6, 249.6, 251.4, 253.7, 239.5, 273.6, 
    282), `2005` = c(276.8, 262.2, 244.9, 255.9, 329.9, 236.8, 
    242, 238.8, 239, 309, 278.6, 290.6), `2006` = c(284.8, 262.3, 
    286.2, 248.2, 320, 263.3, 246.5, 261.5, 243, 210.2, 292.6, 
    265.6), `2007` = c(287.8, 280.5, 265, 257.2, 271.9, 265.4, 
    264, 262, 271.2, 306.8, 323.5, 312.9), `2008` = c(301.6, 
    263, 318.5, 292.8, 338.8, 251.2, 272.6, 273.3, 299.6, 281.9, 
    294.3, 286.1), `2009` = c(327.5, 288.8, 293.8, 269.5, 339.7, 
    251.8, 267.4, 265.6, 284.5, 276.1, 311.6, 317.7), `2010` = c(292.4, 
    294.2, 310.8, 283.4, 339.5, 310.8, 271.5, 271.9, 298.7, 260.3, 
    281.2, 323.3), `2011` = c(326.5, 311.3, 303.4, 263.8, 351.4, 
    277.3, 289.5, 269.3, 278.3, 238.5, 294.6, 286.3), `2012` = c(299.4, 
    286, 278.1, 277.5, 408.9, 312.1, 265.2, 261.9, 273.8, 297.6, 
    343, 276.9), `2013` = c(327.2, 315.4, 298.8, 268.7, 424.5, 
    304.8, 295.8, 272.7, 293.2, 268.4, 310, 308.5), `2014` = c(306.8, 
    289.8, 302.6, 274.7, 392.3, 259.2, 295.1, 259.1, 303.1, 255.2, 
    321.1, 313.1), `2015` = c(324.6, 334.2, 296.3, 291.2, 376.3, 
    273.2, 311.8, 277.4, 293.7, 283.5, 337.6, 286), `2016` = c(320.3, 
    323.5, 354.9, 260.3, 430.8, 328.3, 273.1, 279, 305.9, 306.1, 
    335.8, 339.2)), row.names = c(NA, -12L), class = c("tbl_df", 
"tbl", "data.frame"))
